0
13.008249962461145 15.348231986863393
1.8140468662040754 12.990015639860626
1.8420442445275742 13.328935642544002
11.81160410551463 2.7382226999288095
10.860999146583188 9.91214048875336
1.030524131482713 8.163128559875632
2.7193965582136936 9.205305630344709
7.364132641501686 0.2755493835345879
18.628456326641924 4.3772928027400315
4.062282404314887 12.66750582434302
0.7706474997685842 7.948407855099777
13.120738215774468 13.396477995049356
2.5295529548684015 5.041334595838585
11.446989740577445 3.4623079414439695
3.9934786114805654 0.9247599430762299
6.770211014282268 18.066540258925315
10.283900048527029 10.801245192943071
5.782101285706331 18.295894352407153
3.7418845266445233 9.750463302619128
3.3777461851421897 1.1388790141187077
19.351630122847695 12.48300546641188
0.15974722218603743 17.94605811162921
7.228318737468253 11.307410325858317
6.3093764832002925 15.575636776498092
18.861962169020718 15.84216892089813
9.305398381298664 1.8449937670155436
15.27339842762381 14.883855658447853
16.677056778133878 3.016523500254027
14.04886141282354 19.965176245841647
17.32043309120266 11.95597637429235
5.263633568780235 1.0185377886241365
19.91026438921546 1.360272508199012
0.13289973737803162 5.606398343823851
7.565262259167033 11.755096443086334
11.26527519546495 1.6971317870252056
17.121660628510938 16.68090000606354
1.3091583629290104 17.2300989547429
13.210502753033648 7.572641722932481
18.366351198792074 14.566510021223015
3.049627497328269 7.651820042553393
14.578900586952187 7.6418114265616595
9.26020662173447 17.916609327368906
12.605823782217463 15.453252270250342
0.39337827630626654 19.323890180480113
8.189621644898102 11.04178175661504
9.446996390387092 5.892456987660156
6.018843330412782 7.09367192765296
8.094765340510149 3.748255993425942
0.08150695176426526 6.471217292841811
19.46581556677192 6.979075108823429
0.6275373258468342 6.346703476111326
2.239803445750652 18.583898086051732
10.941928946314432 7.682010150348104
3.6044775440938603 10.662023182060036
1.0976798270549293 18.574911945810875
12.380837026905647 19.32141986913283
0.5507706308490401 16.130580156269396
4.462072560968489 9.466069546704745
2.1142206595739466 19.02123081474636
9.377817081291893 2.197536516376146
18.059179510191946 15.341387372353378
4.053765258723454 4.397270011557877
11.06106245316932 0.11850493072348423
14.908479230060172 14.237024810482087
10.140540278365627 12.262662206938828
4.1966469574344885 19.251280892111623
16.91884788063775 10.88034509401127
7.6260227641839435 5.752644415229047
2.0133626242178893 18.872123561202905
0.16021100348253103 9.206747874388324
9.173647901520209 1.210111919613619
9.58939325799398 10.718539737112414
17.62602706428382 15.81958428418151
17.98493610546972 3.6426218937779353
17.779222412308474 11.341140595445129
13.0432911104532 5.6068321649353425
8.20682743630125 11.052304487246282
4.36919884714444 15.565054130627887
2.469087165535606 17.932388054122743
19.51911854313391 19.29476454627197
11.272464081842513 7.224311861497323
11.599303154231592 2.691176486657747
8.937674882754036 11.14963972148727
13.558597774140196 11.02430844428434
14.215989011239486 9.950831556699365
6.4313290885301955 0.6581374243194782
16.848919939358336 8.852213283971617
17.1300925056568 18.97151888929311
16.27813848571965 6.046993067066094
3.7190887180128196 16.41510724674291
10.08616192342878 6.23347432528319
2.6690605092184794 6.371326992655543
3.773132249914972 8.094111244264075
6.959082061579506 12.780185197607814
9.797432069784593 16.192544604368337
14.276859945483142 15.00144527164138
0.7432958636619658 7.232976932555135
16.927817124423193 0.3607131633818961
9.27236714239853 6.137297345209312
7.378899607421506 13.458392961842154
