0
8.275584479291009 10.683126989001327
0.8854632061636636 0.44058514974405716
12.921180211722296 3.668794112595233
1.9592173687903092 6.621770614405296
19.04681683453296 15.564626226317896
19.28938246752937 17.98217385513626
6.766962450515976 19.536920324568623
4.667590796248884 1.059955434291624
19.099910781399213 13.301430769286872
19.739381257318513 8.34862349870906
19.898595374422825 3.435719882732471
4.579085774118166 17.77749324783531
16.453875756999498 7.251128560527795
18.11282648835244 7.828858881197007
11.222114805528546 18.788596404199108
0.007811172761591489 5.227939108119979
18.395363409470573 11.542498002303578
8.122068378321769 18.42165964337614
8.112995124044486 4.113682828893488
7.29885784746423 7.6537614059088455
11.269147184383975 4.10771985003247
9.515459894429645 13.788496886679319
18.366366162550868 12.041469615535078
11.365447419177375 17.206327978567877
15.220836602307227 2.7777241740260794
10.588545060767965 3.462663987273138
11.231002826510448 8.408236092899504
3.5000742474033797 7.9099490304031495
0.7735994035072857 10.595632203497388
17.10153397641058 5.8254037128106155
10.237085058937549 13.858630507408066
17.402504260319695 18.821106590977447
16.453276055274472 5.719972473263166
7.397673428893801 17.482754833431752
1.6877787235864505 12.976968964188508
0.8890928876198423 15.358609915785344
14.359757066579018 2.9276339566049514
16.829282445782447 10.275026866836905
5.887551244449196 8.762790922665552
15.148088214570501 16.54183264570016
0.41910795420709857 11.78228835995231
19.924328110806925 19.023237418173913
3.8269016669483324 12.345413305233082
11.6063947149331 12.271510227127635
16.948614007435133 0.5950987259500606
2.5230458575108794 17.66828889032109
17.676378580736472 9.697120974104
8.557202055664263 16.810898871050494
7.548301744661019 4.215275272996289
5.086581075490486 15.969975297264213
16.816205178809064 13.695471198936353
16.81616977553555 11.51052812523278
12.602974786122445 7.580161301833699
7.548711540564255 19.527127476573295
17.655396896730437 16.81109944430294
18.391820978662473 1.585629270562663
3.1221612066855475 2.9454813629822363
18.991370741539445 13.091917194339546
2.219654530640396 15.663100695288914
7.60216732169396 6.458690046591389
17.568835188167235 16.109370644551678
16.757534182493753 6.803538890583953
10.000610673946944 17.170686662917497
2.909110195125888 19.290814888736428
15.74249641622548 10.041327420729942
13.506443889404359 5.9822743534270595
11.488063599942473 16.805218126369542
15.220163351970626 11.465138037921516
11.440631996634306 19.33785213831216
0.605399817057084 7.966687474916583
7.2668407704717914 7.852113539903501
3.2536172375442063 1.7614727369757865
8.890562430769881 15.724503582396707
19.05874678851102 7.099874060705885
0.23023430410999302 1.3491757962048534
10.848848198477345 10.195709114092255
7.467170762336151 14.65457991037325
0.20990306343136478 17.758809877838036
13.896127150011566 18.999069737968103
19.070370992361532 15.579302570563552
12.636609705648622 3.7262566860605717
17.411272289772846 1.5332102908650702
5.219943420243888 12.624076999979913
11.068256533959907 10.822423752510382
1.8803133436888864 17.05155089160305
17.157961070376 19.679592734124995
19.88517489748804 7.916705274540449
0.9452302880445629 12.400225245623915
3.414967596692684 12.331914728106545
0.8362356099236679 0.8009933040479345
14.793474873824215 12.03126808075124
6.43944250032503 7.541742901169261
0.33221368344755753 1.5140907944344284
8.276340937847404 11.061414123874961
2.917462597872269 14.782003144669984
5.709599908759138 2.7435234797097197
2.6808315590885967 9.536753218250034
12.550917348329158 15.122503081952186
7.615259929483402 13.754074025465236
4.751162625403964 5.550907489950962
0.45501110517408794 17.39969483883067
4.536192921002629 2.8323479420851427
4.796749072678768 17.81158525489464
14.26269625904558 0.2226217269800701
5.976442445261747 8.234655671876613
16.63534973820751 5.529053097692285
12.782162690157882 17.176228726240993
11.760257405718821 13.794388492557363
6.9862338307559835 16.278135820277658
7.924212599752492 10.279062095641315
15.294242493004129 16.70973694741122
16.197317550519482 18.28268124026168
10.827441380724041 17.222520538820856
0.6470346829926021 9.575587697589313
0.5091046390158915 11.599282197659669
15.788832498447462 5.265637024930787
1.453043175324218 15.12746569958357
16.398774718727513 9.500655733435469
1.4581208199402362 3.550070477822469
9.293760728166134 3.793015400981774
14.532707404300185 9.924096755731192
3.0417072193269923 7.3450161715662965
11.264588438779857 12.420086337462894
9.720716510181491 14.03110351266993
19.811394980937347 2.901760529251116
8.78712743226858 3.7564019290888617
17.44268034283289 13.527508589453587
9.456079540023602 17.045370096496164
7.121526138910543 2.826108585575624
16.39075463382223 19.352669874218453
9.383508510119917 3.0263704254795876
5.954770303855337 8.376610681867794
7.720904246529776 15.694614812298664
15.11137367799268 3.3189662109681395
11.006895679433352 8.775310206480867
6.499051978466257 4.518764704594361
4.304127540414688 3.4754824986415023
12.30557035246024 19.786265058683036
0.4616601290772038 11.080255174121534
2.7444455888536767 7.038357016524031
2.8046433982397723 2.3497071271127346
16.456055359014776 8.151798954175785
14.954350629723143 10.828828965881431
14.442980892998232 19.351391592900484
11.587484271791947 11.370606972628421
8.964462421483585 12.475055698483251
19.18832706658772 17.337790812641213
6.767380276337338 13.192670136692765
11.344028252742701 14.381574446777892
18.20025090500955 12.702564390839651
19.380434852727547 14.066537384303551
14.460907258963294 18.43868577355688
10.430605996074423 15.806537231098316
10.11496645673792 10.872820554248522
13.701547362114146 17.03928597675917
19.326928871517538 15.630134176264026
9.511377752387737 19.774147405709147
15.660385274610496 18.456996953666074
13.765172325952902 4.050304186948637
4.323834583428379 1.361186658128335
3.258044313329269 7.258206475720625
16.157410828910102 3.8025594684780706
2.9238544107311792 1.7222857736531916
7.190330216550505 0.4171133223716472
10.73146070949946 18.54334631420102
10.44155890835173 8.82083011925313
19.146617057254886 13.443355529120238
6.191026397207622 1.516240995367788
7.3538870888808106 0.2869550335203641
13.652683845233359 1.5487523329513908
9.938387332026732 14.193390414123071
8.517702476877451 16.611714517883645
10.251838918647877 10.190230166593084
18.734656716256954 17.554291604874543
9.170015133396472 10.3573897613871
16.700011882601785 0.8925743792178364
18.934720218837725 7.107024714755279
2.2391100261918595 18.749957078306746
8.817746236526876 6.051480668849729
12.043047499181164 1.3477424141124072
7.59236533476585 11.267862936974149
9.598763469746864 6.132820209067821
8.574274280573604 2.9311621024419265
4.157547480837751 11.235448118709265
11.691161939709108 15.13999366677407
1.9784077237002085 18.880753634054862
10.643593125626792 0.9913292995773482
10.330239076949104 2.8292848458264763
9.610587337117174 11.10425368084458
3.6198951918607247 16.591646215263832
16.313050570473166 16.918147056264146
9.67665850793924 16.760750599876634
3.3866455148162755 18.948348552864424
4.3654876390551145 15.395265279608806
17.805700917395477 19.612982154105524
16.896041111081214 19.652167399059074
10.476834558890666 3.6775552731286343
17.8224573339932 5.134592544401095
16.190687329757147 8.591601851629207
2.0325577538122186 16.299534886389104
2.9071882470131194 16.423241735242403
7.7052173013241765 19.40734743303728
0.5464650790958125 6.022209641590437
18.024569060323586 12.654249633700559
15.615410519431194 2.3328917281939754
7.686221220053023 9.814232671554295
12.132103444104509 11.324208246861186
12.858571250007484 0.8987353851750557
8.390366640459082 19.583662420996358
9.481760414791207 7.444518300644103
7.834320868369236 15.258973798659836
12.733721590507761 19.785390992888907
10.002210702961424 3.8891040944887845
11.622371211898532 2.3774804905918723
0.21262346213881234 9.109688520811668
8.864665833092833 9.136527772118079
19.98161662858393 5.258848965529506
6.860263328701719 19.29550250023051
17.23623964550187 10.48798085168717
18.49649429575677 1.684500075076063
3.5436158510720595 9.412382014573941
2.903341978199756 18.426126110281878
3.5476683322892533 3.282911360463152
19.813953702176356 17.42241953073572
17.7622600187984 1.7708369653945
16.203250474313748 4.705952623655851
5.963337619867383 1.3554196420776377
9.382280543744768 5.372481570704222
4.006504928201695 3.1848479421235987
19.785882797757075 12.566630080335715
4.14598855831559 4.852841171866147
10.635650885741118 5.2298930683330696
5.812911674436698 14.54883473008999
6.887993995173871 7.414391457415064
0.9689258673441814 7.983612325334195
7.815423739166136 5.1195737957745235
5.576632860786379 8.97242657187888
14.257078093952185 1.3736378650632464
8.269375456863512 3.327795450244906
9.027822759685751 17.68046885972727
10.914543808906789 16.303152292316575
18.16153762832382 11.139048914908125
12.553959125920676 7.954246391921222
7.248509541653858 5.688255322183995
8.396386960615397 16.01809804163077
14.326165321955639 13.313618214962474
17.296560759821624 13.176444073828124
16.34550009531903 0.5505501715265737
3.169102012053926 14.22253826570362
18.826190310040964 17.864411790351866
15.83797375472533 12.888041204585882
12.918732330490176 8.041185530211138
9.918404870197746 15.569915231971553
5.466136926455598 2.7133514517545687
13.983391924866295 8.41562150027007
2.7177827937474563 10.466489851383844
7.308261307429948 8.231351215666397
19.171113375428362 6.7501630658076
9.478081404732663 8.622872489890876
12.44248189448195 1.9167670053976615
15.828193477633139 19.838079214113367
13.181097120172186 14.864908493011601
11.165851457708873 1.886921258590235
16.81809446008122 4.426505122585878
0.8176223473832489 19.134409309190815
6.958456788739746 10.481688284121049
3.993221044652091 7.142024698235798
1.145758262507821 13.828865314900176
2.007262792079849 0.4856706931288346
0.7852692056603106 6.064710517303407
11.615803755494357 0.1963955164343778
8.512735175469231 8.24729481400434
10.96650408898581 12.133216235676043
16.998487184669763 1.8824620005459902
15.169982399853819 13.635660766022612
2.5701083205014275 14.615711618334611
4.782915854328673 2.5684261733442604
7.869301933023549 6.490269448975042
6.134193359740554 1.4776392711543807
18.782338343302868 6.012056269833009
2.453536264395386 14.70718880431264
9.997528695289049 15.812770822252407
0.7892221198645766 9.728608052656572
7.3722586279435305 4.182396832546882
4.229540935053011 11.595377334323619
14.05353608926162 19.72453127771123
15.820367838168615 2.564387524709757
0.7089455843126413 10.977239186842471
12.616064010669518 4.510222524808649
18.3973885718517 0.24788925893690417
1.1651094476144475 14.168575890934447
15.162232995635831 12.11351962217064
10.960417350096508 13.524699600962947
3.9758614899450606 15.201701007200723
10.824134943821225 14.865727910912836
19.863465423753567 19.030945624267268
3.8736879067703667 17.958493561417885
15.134923466741956 16.99783107661514
16.07253239220553 1.4790605580506222
16.813344862134883 1.303196170386629
2.0701689622547126 7.410808641831896
9.659921414499737 10.798995708623806
7.336996503158899 14.772009653414639
11.189907280857337 7.883484764802655
8.10343723068101 3.4602263414414347
9.159874546762483 19.76213506875909
19.02300924006161 12.005158038833091
12.333411159607198 12.841946212909317
13.032133220317625 8.507577483251259
19.684057094133234 1.422013207812658
19.434418548058666 16.72394865578291
16.41041434626201 14.759444885179496
10.589235328406287 15.398921791397719
15.169503921455355 16.743081509811514
8.27139588931139 4.920662016405033
17.77022962715707 2.9304117101670935
1.1124476318414955 13.572738159191884
13.009660231160684 1.312796399788414
8.313545804274122 11.58796113971377
0.9856549341674525 16.537577712130048
14.3105733576182 14.140758517221455
12.591076599875192 3.152832783992041
9.16290663926696 5.367562523077895
2.148027253965068 10.060161624269812
14.717191989036928 14.812180542026102
13.602658445435345 12.636874432566803
13.921931245545755 7.314210468170172
17.110694521119374 0.3239744215996687
19.975067168549582 14.392095724856071
4.557201809210218 14.0068655006399
16.693486943871157 13.802692135895228
12.921571061598112 0.9915780904722982
14.773562992234275 10.856817380165435
6.223623476819549 14.932600242804174
0.3156694527234394 0.9165137785245037
12.438464517087741 8.597804052224493
15.491728131721548 8.820826948501209
9.910657648799425 13.794301139077172
11.008160707948015 2.7948691436438966
18.18530855186229 12.282775849158538
4.738338056801923 19.538875836630762
1.1191513302006162 2.369730766725453
17.95222649842207 8.135725039015897
19.327546532651702 0.44738779681836816
18.11819881869297 2.1116347378459865
19.275198705313123 8.236407296106165
9.157340421054673 11.620688058832055
11.629136317628673 13.385178180234917
7.510216495819028 13.829996489475798
8.564156622877109 16.61505898352054
14.714130537309716 13.29180403664366
18.203751857822873 19.50887871951297
18.629426879050037 3.2548896602309885
4.513216428514976 16.2882885310919
12.62167851593343 2.5018836770755626
3.5427202287366844 8.362262128151842
9.513597995267256 5.64241134192855
3.3005048354550914 1.5408069166421967
18.108865166843604 0.580913127739584
15.63619612094244 8.474705996184762
16.18842059882945 10.192509641351435
1.4765316566811681 8.958757463076125
3.3419416983105776 15.18414091688376
19.638436493143338 1.6768584281712573
0.6697360641994354 0.05191360356724184
5.348003237654291 17.01242449580834
2.087748785092509 12.79771524676786
18.79725088812414 7.046515886529454
7.023062514841342 0.43819389715521906
1.8667722408909437 11.432199918854828
8.671209502104947 0.8305300635277901
9.220302639752857 15.582600539146492
9.985417418994679 3.805080091930755
2.286140075826688 5.807030412140824
3.2734671127085635 3.8538413793551185
19.498089480424802 13.085722609412755
6.212921193558721 14.854114391619028
13.568363388813305 1.9331970201570914
11.012859899549763 4.645976371141199
0.8670635250015013 5.240573091936536
16.586166918233936 18.596558705111853
12.150246574623615 11.554608834337444
13.34798807039973 16.545044265817907
16.28695444122552 17.837703817363767
10.4510419029008 11.581830564752343
0.37196584848838476 8.589172157329008
10.82318254474347 16.80949638358185
18.21969770520182 18.97787016129559
3.4471079820067008 4.7031665690298174
3.875564015159856 12.150647806269903
17.032196314031026 9.052993021953075
18.457926667118926 11.555211138172295
14.884588852170932 2.331095109032779
16.341689097338126 8.411139816802375
12.705676157361731 15.92668672178538
1.589456425312119 12.448696857424679
4.7594002101564525 2.5586338564156885
0.6658685299024425 10.70535134095448
15.920475108414472 14.18964694571625
16.971898039372437 7.380756457285602
1.2250498937185728 17.57824221038206
17.266465047938595 3.6227852292171625
8.097340798866401 10.986302208071145
5.035443076710624 6.774948475737357
4.9517609417844195 1.72015975123468
6.54874750091174 19.89936086147645
3.441845563239385 10.443621369143251
1.2725055198823298 19.693826340061268
8.752182995394943 7.893542261414382
5.329096629184134 19.411885651150307
8.737125179158607 19.144646027234025
19.393279913408136 9.569219775342269
15.760784054875485 3.554633871464792
17.760994063764276 4.139237217037037
12.684890802525954 18.747434917594678
8.707989684282662 1.3649620531855122
4.000248067755912 4.131180950865723
15.288015310175744 18.850484198768164
2.1415552937683824 15.813714209729156
10.455722286151953 19.138595292779286
6.9659861775297705 19.294831510899325
10.108081369123918 2.241913669442701
5.386085739036921 13.17945152341503
9.400110023488999 4.963925805830717
7.090098158266837 9.439701144870567
16.780516785291866 16.76928232672495
7.910119196682959 0.5693806227993137
4.703164762468639 7.842842522884941
19.3571679126496 16.718465493662798
5.0290542724786835 15.488759585548973
7.46436393236765 15.87927750846158
17.148931155655806 15.924470882190281
6.112153480115627 11.558532150770656
14.490309426306585 17.875217228219924
10.712705810401948 6.754652730595816
19.22425492963081 3.8667696667270857
1.7803714250438896 18.69327984489231
4.924834127393898 3.5068965176167333
19.961605333805096 17.18218663381941
13.56400521227916 18.933581385258652
3.9229639128744065 11.68802094100036
15.563987235081386 7.804513238659478
18.27489446104795 0.354061225186888
8.033863453344306 1.4618447106890153
6.701836956676763 4.814205970698929
3.1016739294462425 0.5179277324374243
0.8929593765827049 8.479035797925459
2.685861260253779 10.104290081169125
9.574957473113411 0.43451415884818934
17.765733429468426 18.968720624777834
13.790978243730127 6.461269739440894
3.8167149470834505 12.098561776877371
10.463147713390928 7.66408985547587
16.639338745622446 3.6091138079431806
5.748125390997576 15.272663169837974
4.62153616210045 6.121766768887815
2.9777513044087067 2.1208209971693837
14.624001279734557 15.77346090179991
15.852304964236154 15.715634005002052
0.8655238558069267 2.5281727496628625
7.00743167622329 10.926705317698062
17.31633437847979 7.259149922503061
17.377150508711217 5.8344119501497875
14.796754065969914 17.719214830170273
6.716775239930001 12.928988075505446
15.052380250617148 19.39551933339923
5.145984411294098 12.427985782336544
11.973580333817349 4.671776754250441
1.5286551337614496 16.14069816746589
4.529495468706324 18.47248725270107
2.7698004975645008 9.633129117897079
10.417507990366028 4.265806061292623
19.6048966174364 2.8369574823456434
14.184973638276247 17.722558701870263
1.7065768048418106 15.816032480383317
2.7838574988137355 13.382296101490168
1.782131431087055 10.817431028165457
17.7074534111095 14.875039882625401
5.0667754945073895 10.970024907135725
14.018865993310454 8.494317327374532
8.385979490723551 8.78378746877151
2.6174130530568984 2.3688396041669524
18.627962084239293 9.906751338814875
14.395695991051188 12.783646356083878
14.81652052595486 18.535481814004477
18.91979924787406 17.956555820950673
19.293166021524605 9.953723619638442
10.151052607660114 17.590671929777194
13.362570915929314 10.168178615427355
19.0051225330963 17.609885657599214
19.216446555752643 18.15764026185643
1.3773732858807786 7.768832745788547
2.5634294574632577 12.220177534370332
2.230946907539917 14.188935020277423
12.469136754067772 16.894039903470887
14.937269259672362 11.208898374880718
15.002513515811822 12.36404205174895
16.79004389007922 2.5788059880121605
7.4617481640836125 17.058094394509556
3.227350774587754 2.824694794405669
9.780617007420238 2.0823853258678326
8.772165521927873 0.1803855015509659
5.101418323541653 3.1635938920713924
10.43787294326441 10.711772595608874
3.8632771268857735 18.336590946345755
5.365597534330733 8.640221547304305
3.0541957280605025 8.16329400865267
7.875936265182368 14.667798884108558
12.013529440107085 19.968267356832524
12.274977549998114 5.668936204481055
12.182457083396507 6.010356708046018
9.62994043714058 4.075044974213469
19.43904059472237 14.137602321359273
8.785821425032989 4.750290061744211
15.739453253672185 5.14084527917257
5.009213237714363 12.87500496918939
4.1357007825333785 17.417529386195348
15.059388366310703 6.93427456522558
1.4945456746553898 15.548004511401874
3.554517938241122 12.62922796146258
17.09107107324661 2.104113159003098
6.053784571887921 15.998818089396593
11.701676642750217 8.219866122598896
11.935019845714997 18.328612946124572
9.806815580244114 11.092569200277504
9.28147294025907 4.2877927845977855
13.321844785549501 3.1920549123716446
14.594774676177204 4.8729127627098805
15.238445200195983 11.092932200445414
8.91726786212578 16.70656785639765
18.837930743566957 18.814719634375436
16.643828540869414 2.067831081160767
7.890735322939111 11.239979274099152
2.5009301924926075 13.087078290825978
4.241922512365399 1.086588330719711
3.838936939719446 1.980325244346961
8.974760820452062 9.350093583342677
9.31763388006762 15.243308064568035
13.192186239698307 10.871841114996979
17.06922877799913 15.02247985750243
16.353939643047138 16.195724075290837
12.751085383487455 8.915132394755364
11.671278718428288 14.658471706468788
2.3882711418345326 15.055670800274134
1.3772965676340765 18.093077957553543
2.222710574036324 15.286719016803286
8.648299187915462 19.255519506977542
3.9975951733425275 13.387031390386273
2.5116169990859083 19.927875530291207
18.853098623940937 17.62642305661544
12.428166075509143 16.855698987549864
1.1768741274061045 17.94680947815597
9.090943753830928 15.899397727554696
11.295713483929465 8.03791421594841
6.537367329893122 7.171971729894824
18.266823688180555 8.553651523918129
11.566868871119024 5.078164460073524
2.018655135474865 13.552778598257675
18.449704277664654 16.126502305874467
11.85554851830095 13.190470473735445
9.911527759922176 9.593698565977427
1.5960033007542562 11.46346094779827
12.070472938710832 8.597253213802375
2.1594310075908196 11.75726828154656
1.194778683201403 8.92441914140967
1.5616523403996019 19.883530971916493
18.850116544933147 8.530911167239708
6.6605201692120914 1.4470807499802385
1.1698987088380797 13.579518725993665
18.706817812191268 8.750706694681389
1.178543739757698 5.544793881103383
5.243815223528405 4.515770575491502
18.415646260991053 7.8375395667148435
16.245866390403386 11.70099232665763
8.44368748991868 16.491100076359576
0.8747628658398421 13.705566401771428
8.532954284380448 15.376823192187338
10.905715083492446 6.220060823308713
18.613595690714458 1.458616059727642
4.586345474409668 11.39310901046099
2.419804493833184 0.7955780738391627
15.448750135717164 14.807060892396448
16.39034911367563 2.5752171625113562
8.61418739903031 4.863359635614577
18.466948191050566 10.534741797600484
4.106637472291965 15.809074103205775
18.473672020058647 17.43161269114316
1.2815336192050175 3.728844437480985
12.529062402002069 8.834272595991683
1.894756014844976 10.198868720446425
1.467841461365882 19.009824908591817
15.269336502944375 1.7262830990928002
18.38436230330682 11.497928712461121
17.00006586384166 14.033389380327497
10.291588301393382 16.847326133124923
6.305714786325128 5.32086779699082
11.243642021246815 19.39014805044682
1.8849391271510707 13.982649313680577
3.7107427637230717 2.9632122144813744
4.924893017476249 3.482647503872127
16.30184848808386 6.786472564432479
7.436587652727962 18.673041541074593
11.52302819539743 13.385940076565412
16.419191764775075 16.393961780147798
19.882739366621255 3.9725425953061344
0.6357663844757955 10.914030867762996
10.157963852141677 18.04185040203991
2.0108350308051803 8.256581238135643
6.094525888486542 15.245714795789478
18.60049370454238 19.928413070174383
4.817959357014836 9.174227743940298
6.377701042650479 11.067562629910533
8.965126953433378 8.901156885144585
3.190668066038629 5.365925463948615
13.619930261784992 4.87233195702661
16.8784599722814 15.830454029353668
17.46508479076043 18.956999819105395
19.23543893123761 11.458869575692116
14.2519825353615 0.5969026417443057
1.2410968793498456 17.660802919656092
9.87528125531986 17.840304691547953
9.067212790776304 0.9756927079552824
14.507446924335897 0.051800674262272306
15.297621165081694 5.546174065019615
3.1379469860902343 16.93376930291995
15.730246458722672 13.76850337758669
14.810028950447736 17.88391249233641
13.276730561070078 1.8846787051547786
19.090321494818024 17.2047014103403
16.999859926680088 5.185217252629208
4.587630207710712 17.09784556912504
11.77577537361929 5.1814043047533715
12.041153499862778 1.5198471746793718
4.485966260275502 13.736427462143183
5.927816526522138 17.353383761865096
9.651355674034853 8.943915419614715
6.8431604775157755 17.88511206781289
5.290127021061393 7.875025611394005
14.487607824464337 5.020241120725304
4.84034083851971 1.1804636852983896
18.547850418050945 14.168696416724949
13.032254073342056 3.8109581706586315
6.717613583561128 10.714257604847472
0.9702185988456624 17.613893774079212
10.60224354646114 4.44974080222849
17.11399122565554 2.7194513760455785
15.26579780513391 9.713858848860168
16.500924374491884 0.22910980824842664
16.378017682484508 11.831058014327374
17.024722224128453 15.96541631432937
11.383699582101796 7.392625845620175
12.771305285246449 6.443831774766499
12.524323539136752 16.25379700283525
19.06286004799369 17.106895708419678
10.20887082060806 6.119247932235449
15.882455448706597 11.274587750253577
13.983206801982229 16.56978960498243
0.2388039749515225 13.216685361681805
11.02733587089729 14.58849624994685
8.361213841298863 16.454020378806447
19.714405314087784 17.927767142830135
17.719066475660295 19.894927979013463
3.0262450306369093 3.4753343335090814
5.411768663438394 12.935927769590645
3.244249978276199 8.52653592529146
9.374302656953796 5.7281099560921795
2.669387899169282 0.13721441884060104
3.156561232572883 4.215975847556008
9.236311525483863 6.065090652218441
11.663448819715526 0.17463420674102226
3.2974393228492205 4.773512471713779
10.803611967359439 8.881945416850211
8.605675516149965 18.299805529905054
3.2047935370400893 3.944077299949247
17.65489734333761 17.06229057214547
18.37341930554817 3.370234354129984
12.04467847708804 8.351753012217936
15.610711430939123 5.075636387658678
11.913783556735908 15.052773754401528
7.161088209382056 19.511594670747247
16.95892793305277 6.199486932825
16.109432209072207 5.448211716794091
19.37998949567139 8.351025181506106
14.555713208317261 0.2523996307271337
8.753050040713275 6.727266623129324
3.5386202322296145 10.696149373678628
12.795386726266287 13.401849939974344
13.470017024362663 12.969535805051208
19.18440429980957 15.922751505808945
5.114103426059837 13.28773555106456
16.720941834379033 10.422775810876912
17.952500006438804 7.288141991361867
16.215572253363007 11.003292945387212
5.427634224304438 6.696266945482881
11.211003854023016 10.292491332101664
18.81186003202639 19.50981447125632
1.1733803166460932 16.344591571891524
11.99886027516208 0.8933409673902926
16.424924624338164 19.29054395448625
7.7916643066843445 14.00200024200203
12.189400717012155 15.29957517773414
16.699768326899342 7.299730114222225
0.3560106682340858 12.90120537361005
18.621428446371485 5.019373237438929
15.922405726907009 18.554794153313154
16.141574142228862 3.9539265917668853
11.456836693827972 3.7000701947130277
16.271783959154362 3.317330391785027
9.53343700432048 14.375922540891818
17.52610721813149 3.934653487713855
6.087623387495224 7.455820158929416
0.5719377301177064 17.175714241145805
18.111859720433973 17.054265294761375
2.0022370554113245 2.675359553558343
19.45640178738487 7.658577213010189
17.771858965893294 17.729140399952662
10.78887229309138 0.24611182830440725
7.3042622467847185 16.17448685901887
16.276910426069435 13.072610353441442
2.641607681576301 3.705868528050076
6.0969610739306335 9.94807820882122
16.19642061442484 17.379304453145174
14.8537946954993 14.700298260062043
8.5567770707957 8.38037900147621
7.905413951498876 15.977815221279613
13.573515080795055 1.356672164424102
17.760035404005283 1.3843295449621729
3.85763057349924 11.956440739372757
10.526233408827544 5.717723253326916
17.18451835391273 1.2252551857336291
0.9436783733085985 12.544931570013397
6.2227895901881 18.17372154207586
4.642843477582918 13.47822100055281
10.756900751571797 2.0315759464450456
6.001633055428657 12.266319622240108
1.4251832392249741 0.3660683916818819
1.1719413328671369 13.65072341357821
18.471108639853863 2.5406246301890167
1.8345969246993632 19.786842791928507
12.096444408735884 14.64934994337165
11.158916073102398 6.4691223390227215
4.399506990849589 9.194589997273008
19.624583966831906 5.4689547996901
17.267233115024776 1.7108035443371272
4.909709584307212 16.318509533232906
4.3462464607841245 3.4384488404523372
6.155876206412358 11.90138451046306
9.042070573191106 8.095377357870229
9.243824729266326 4.761249522022801
6.660307088186355 2.5413372275545854
4.868299951817336 5.384918934065119
5.125676013526206 4.796591034231499
8.739808366557654 4.870104833742072
16.067555564615716 12.00808217919576
16.677154990079664 3.5507929498880952
11.566641317638737 7.218520207384209
0.7785983947790132 10.65098583456165
14.523134492751819 8.56768429488655
1.6478522091316283 4.112730006425627
4.210121546080067 14.90270391519017
12.4878302419738 14.190083638842774
10.134872668874666 19.760645202862264
2.906484760732737 8.955775726518535
6.998581152472465 16.037118528162623
13.78170054243202 6.924976880188423
3.031976297419954 11.139653871689944
4.4998424070658665 7.133010754413885
4.12273690452272 6.92574241219988
6.821210253134547 6.465723197274271
2.413064322139915 8.38101863973688
7.661177240376671 3.375883701153657
2.913301329187201 17.909742912080336
8.208875256852417 4.70178362572681
10.212141166037881 4.624273418518947
12.63457319312494 5.612098290612916
10.111686926849515 1.9828176727263536
2.6140790668970237 19.27751322818493
7.824045575366956 8.627171329566552
19.165627864563504 18.183903094483448
19.364153974924335 11.672789051620203
4.625242346703214 2.718333063483831
8.781393924907515 11.72260481493545
15.254601687441667 17.63902407780828
8.774010456014974 14.294101292372016
16.133946256437024 17.174989597386055
12.226315602071907 17.14139524855668
3.481830905897898 3.736172525994168
7.952100713385031 9.184982931556839
3.0155888411162923 10.708214250562351
19.403786032225955 1.2583304311619825
8.003767080260689 4.458723170065202
10.031355660230732 18.757049093919203
5.664287282116409 0.4714450645350743
15.44924683950834 19.97239799031751
10.409413115795461 18.26524710559111
13.270454167532353 4.386706993355425
12.695709941921713 3.457515585948101
0.5003474624061477 15.746884358397713
19.143076797631572 17.55680046239813
12.183074548341889 4.254629776738446
12.308924214567213 5.313575859876036
4.855163600420198 17.85718796562842
14.579646088183914 3.777840594423818
1.3060220395814293 4.002828649347885
14.381499486168114 2.11714181339296
9.74160865264622 1.550108908447454
10.400699571727971 8.543628307979068
11.306732838146177 12.653639951663767
16.304461710226352 1.015239052120387
12.354308622978525 0.0872823181236404
12.778336857366003 12.55611374014933
10.127601243323001 15.141514470457757
19.337907261786302 15.345442187068963
19.225948961028443 7.024642085524803
11.323053263940446 2.725016895447694
15.27937809475417 19.603497829642166
13.320357454695236 4.6253656209816345
10.361336044091221 2.304459480836545
1.7232998002561972 5.919032988563715
7.51982306014294 0.8275922662765645
3.1586842706607188 7.105461498915211
14.470412781726903 15.824314315738375
17.484425072018027 13.049776262132163
7.1384675035242084 11.439948150799115
2.031064736112862 17.90370721592452
1.7353683762676742 14.971591450883572
5.122575384124797 10.553847937670746
17.419848671044452 15.521864313643759
13.609291697981575 8.99941036112563
6.942716795846766 2.49651133384603
18.031669151676255 18.804843891888893
5.974186194867384 1.242388188981769
15.424877207244503 17.053042362457113
4.090598242649472 10.037663437691492
19.81608560394441 2.4957057318503373
14.312851737500916 7.183349635148346
12.148957166859436 7.776234879924253
13.17954528901251 19.462142552330143
4.06648730748326 6.288247928934649
5.983931499915663 15.143214761959722
0.3764104113875466 15.408347294174106
3.644218741374725 14.443207033107273
16.929994339108006 11.290196427792127
2.1496112500720943 11.745765884657956
5.466920495672345 4.833030159576794
6.327722982641754 7.963584022835777
0.6763970905634031 5.622799191645946
10.219802493452843 13.775712750916282
0.34642198315399053 5.264006884584022
11.989178706801622 19.431008799317347
7.618483270466296 3.411586743822339
4.804045681412992 1.3635853579018842
12.631839225091657 15.795015240735612
15.491320584797084 18.189862544285596
15.396520110809767 1.3086662550346984
1.4232647999035253 18.887959719822607
4.353920273356091 15.68385296301577
0.19593453506855596 11.35587408311505
19.57142364781444 6.639136315760597
11.718774489156907 1.468996473037818
11.608364008376883 5.023540156831034
10.166482611504488 3.371900413458704
18.95695886846793 8.628964781758096
8.487969003679654 19.687739779179374
2.882189979594758 9.002350488400898
7.630875522515954 3.10744791381653
12.913783549016806 0.5177211055739117
7.453778051262788 19.25672003116598
14.317326087159739 14.163109560604264
13.415575617253443 18.3339299438351
2.2527473850288393 3.3721198577618194
12.351176242631848 3.170967175592281
6.010727145294172 11.152324947655588
4.924944929542512 9.704835077750475
19.669649592783642 4.6628631652204255
2.5875292821066376 2.7124447036038557
12.373737157828819 4.50924981806311
8.25876470719444 14.788033923083377
19.40419672115949 14.891694775051585
5.691876464114558 16.062035277369972
0.15853040217280956 16.726374056737264
16.721412864527668 12.84324145838778
7.417671946462992 12.594426633062422
11.633028057972712 2.50006555035047
2.6224855005614356 13.640338305283365
7.8408507621760615 17.482800456453667
1.0458377531691143 1.6375155563582866
9.658466937038417 10.887853015801065
13.125760886728813 0.3249038759533063
19.8666439852598 1.4484639462906967
4.724135522151043 16.376574401529734
9.287001496904118 15.015931458905182
2.7594256990808974 9.345572290401519
19.796460716032897 15.946618933679401
8.104310324381617 3.892254697984052
16.18603813135539 1.8633815567550283
15.071210593191397 9.962803631563435
16.650276240983207 11.109183964707672
10.800547360211487 8.869586867813798
19.967286852087966 7.37350932375535
5.575468464997413 9.242278291935705
10.958745861261324 8.852936393830664
14.573721894803207 5.297786626169798
0.8738621705737493 17.01711806032924
13.25887604004875 10.498222506418237
11.593071515197543 9.081937779881128
18.599382426369022 0.38377833252955185
8.461673920151485 6.6884430961479495
18.70953269562207 4.420950151751031
19.47972140215468 14.263265743870196
0.849577869211795 1.9760753767734363
1.32918133801458 16.958062921034895
19.904782724160498 11.635171937840646
3.5539050030726704 17.702138129580693
11.414707722348112 14.711720061271912
14.71734801885706 8.86561116918708
13.358546080378176 12.781969252801188
0.5042182077513546 15.570120535712796
19.828625401284448 15.363126418851987
19.38089425168792 3.9391520997160767
5.590519788402879 5.374529045487602
1.810490643100986 13.707036581874439
3.2034161318812515 14.096791908084885
17.217025350123723 1.9231510425317744
19.812734393750688 6.5877452180060025
13.11598943032278 7.335950371509002
18.53928866897762 14.877177153383174
8.104417078003944 6.023839675679845
4.4347691897402575 19.01796396820523
17.664310658758062 11.723054083355368
10.19712497646906 4.08219450060912
16.561520399152542 0.28081280127020714
18.54198395553833 15.591900949112546
18.579938772092685 4.84343104493671
0.2549255654807192 1.3511934961926486
6.055007654748545 10.207738369126403
6.4096876437925765 16.951704598387277
15.890148527097075 13.254462077315575
10.447028616656036 3.6215660219908408
5.13219670759317 17.236043605755984
10.4055940686975 7.485927603323692
3.4231868674761023 9.609888334151345
18.263079971101032 17.310083630260195
2.0694271711815926 6.309600447044974
8.154690323215878 3.6361909362059253
17.930231488521684 11.347027918766253
4.001457702614573 17.89361488692577
2.1447876848493075 15.25390078284731
1.3857433934961771 8.961578194452592
5.417959094876035 10.797149398537718
8.628227848636662 5.233194776093932
3.5252123596391716 1.2136743208058132
8.269694113018197 13.945188206104142
0.8004766283975862 5.988963299877859
8.842847202038005 6.5680423267369274
17.052644272740455 10.051116860487706
9.601051633674613 9.886411200369515
15.03364821225346 3.6652814556090885
1.816038603672523 8.091424051710598
4.1248932248999 10.544995599450193
0.20119212794193375 4.377559822789747
12.102296452083758 10.54850005818626
13.031885767132266 14.485535148179435
19.027962676588963 0.8133176212944693
18.743495853445076 1.1077807067981649
2.1511946213993594 5.406542569002122
18.702980346201144 18.89740865560645
13.405204859004542 0.1478438914070801
8.810280918046063 7.0814254651319875
18.806102659664173 1.8963254879995328
6.6803098254547795 0.48401148416467477
7.781495862751717 17.28405579210927
19.01666297427336 11.196263257006649
10.05799169189883 13.219166440728188
17.00644632509774 14.742060914714292
15.972714657128167 2.792396906139323
3.0441568714586675 1.72235437690748
13.016624577194769 1.5329834656594077
7.68364832346178 13.212935148127055
19.82786391887819 18.733995148929992
12.989368457167265 4.257567478843544
10.42820330888375 19.552397214968217
14.718936877869009 2.069724458293465
11.90415683036786 10.20094163450491
8.998394186368007 16.78704921499286
5.81523746048444 8.880112134517992
15.099565963132699 6.92958251558964
2.8709891437017676 15.476934078988794
5.898220851619009 8.652806383083675
6.984801881907982 8.158568337285331
8.43501967084844 9.814149136018536
12.755448277931514 3.6893045741741415
14.008209750570495 13.620460219006576
15.102223147599759 11.337140115401816
4.1436553266189 1.1348244590455647
19.17233119480199 12.394003210317198
12.111513568183295 0.1432782760956619
15.029376462516966 9.326464286366548
6.315181986526454 19.044164453306557
8.38398265233453 14.724626106253274
