0
15.495178497825936 0.20788722381356095
6.722045121022775 12.880297388139157
0.7031020325454707 10.349902251771741
3.0846725603201275 3.882130552868026
9.073314925112117 0.4772930691794053
15.980138181033519 2.8443738963533427
13.156424025909407 16.47229807131537
7.463507732579044 5.655330449991576
19.443434931358116 8.06705196890222
12.274069894604835 10.477446254740526
17.358553826177957 15.243420863846413
7.541938026129349 8.720991890233824
4.552439152423339 16.877188752903965
1.19361121483744 12.808014399084513
9.336291787271549 9.478424318915996
15.963412113362985 8.80983276067459
4.977273455159528 13.911299610930643
19.69362337322248 5.354509152260524
9.618166856475998 8.36002258887689
3.7529367325936325 1.4253349410634408
