0
8.28110558183032 12.129461263809482
7.472938647905689 6.053422972473932
14.138274364337848 1.4436982302975743
19.33798763487728 7.43633387779171
2.493055129002204 13.230861652133466
3.648934677279636 4.19764239830132
15.63900526582795 9.850983422748428
5.659911962120816 12.212994149069047
0.20842310413781817 11.463240527918565
13.363988712032192 19.373488963591264
17.756246057853673 11.731977849612509
5.457870897935155 14.621754797240403
0.896765366417458 17.177286930025275
11.441676327417863 7.388637534543001
7.822458632636611 8.348842799962597
5.363089987400304 7.73153585524615
9.648384165159191 10.503011643494292
7.343323224012856 13.187586950414012
11.808140111538803 9.328166850862853
16.66785596443858 14.855746452975808
9.4893192121074 18.886711631959376
18.54635802383831 2.6273367858051433
19.20452935894158 4.442670260569033
10.974442629939139 13.187273831175997
15.224066071862307 6.092299384344296
16.116025176198143 9.422494860019546
8.020215518479985 14.260598908200414
4.835879431971866 4.439119440222221
18.76618400366923 11.321454331059595
5.418513467443564 1.9750222726269806
16.446757167938127 14.88135273487009
0.3476332910096924 18.321680418369542
17.864277488777507 19.607803933073722
12.106487018372645 1.6551735782908406
16.5128030405631 6.85000725420545
3.6312855145093015 16.427239036048057
15.522958657676739 2.5850291362679823
9.724027974962537 10.928869030825375
0.578157189113857 1.2776540964513172
11.375359497921895 1.9675553852699923
15.461673450975344 14.144839889235833
6.410260012676181 14.58652135773576
8.907466878435876 11.96027205983452
11.792208883403262 8.827364274283303
9.908127471678807 19.388785555432435
11.31101707937802 10.341082806415969
14.84237993827219 2.1499335627776306
5.139936076654479 0.24809521188594585
18.049929627959006 11.815185865958213
5.747211279235847 11.704672208554275
2.4507205468572524 16.47474120201236
18.027449765773017 9.72946102226973
4.172301370222891 0.5067013886223037
15.788950910550593 0.3576547352691062
5.865404055206664 6.597424239521413
10.184003502293578 8.129241386868246
19.155501084996004 15.375855104633072
9.573977360892776 15.391595921337826
11.882514931915784 12.571951275300675
17.043513592421817 5.2716636325748745
10.533715004217292 2.9491624735418043
13.668571857116252 18.439638243923852
19.531186249590714 17.955072274541852
1.00366636469841 13.410234955635158
14.048838043606935 5.081810715455859
16.8340598757645 0.2949622417712505
10.566880179988672 10.853061967009502
19.27464127096631 8.977269090080895
16.83545284283478 12.954600959042065
11.159214357877838 9.184129265536518
18.720762075220524 13.634027779843246
2.9609878617566587 18.582584720568004
17.896864928800337 17.012741774930014
13.367855123286878 12.174900625049643
10.243791319781455 4.100183686348881
9.462490197970519 14.155892803293565
14.50087786134565 16.25278848930193
19.60108235594256 9.658328195433663
12.187318175929487 6.612491659118708
13.700371472988389 4.756674184390414
13.61359105293986 4.378156307141543
9.088876111492041 12.125706763136517
15.048437804591185 0.6245354522838098
1.8386321490181867 8.157036129065943
8.356875873271502 6.400083830149812
0.6851825569562764 1.2163931150640428
7.34979907484318 19.85230221076106
3.242769786759394 16.956075825099436
9.583030357568452 3.6328647763133737
10.579822648447285 1.8880605877148726
1.9861887281509638 14.713837096688751
13.893557322319163 14.866679845755433
7.033092192320261 19.799236212342304
18.32050818089185 15.576570896166677
3.053112681405956 14.587396116531611
7.5148647878393575 9.004006482530524
5.986219271392457 14.347514798856855
11.99069136573675 2.697991195061755
7.437106808457152 13.830546410849129
2.3143541453984184 0.07229990443059497
19.204189582977328 2.2296185282925163
10.432077435656357 17.77835241510899
19.248135913207406 2.7415198090167636
16.97123427983098 2.736816268677813
16.571014991001633 16.039231058690106
9.917048953178691 13.462604829136442
2.083129613382768 17.04985718902424
9.658913364570232 11.347118600611141
6.623402244896988 1.535805014088727
12.278363984691351 6.0425777416844495
4.563150521969527 1.2337211060241304
11.56667141294358 2.3541555439586026
6.172919794319814 6.1776298357752
12.846098911067141 9.674362961944018
8.958688424335229 14.028857828140236
13.980377940905795 6.114485716227554
8.738128156102817 16.66034967870359
15.61391620035712 1.8867447744689514
9.66062280312763 1.7938773459186153
10.074199605316094 8.127323640162228
2.192902288470684 19.863489879570867
12.147156105529433 3.3926926972685156
17.84158573665293 19.508175019442
10.224473246637372 16.75595069665323
19.546170597764927 3.6900728622714007
4.420100983217781 15.844823054804806
19.96428074376853 16.731682044725225
6.549495839465916 18.064110251608113
0.24520380753519033 0.8142858234556982
14.02229195798106 7.757412305053175
0.6867557860910756 14.391673597419583
4.731340194476452 13.441557556600559
9.514491570296993 3.9991517202341287
2.888172866485541 10.47143797515485
14.523285044315376 13.727088096227549
10.174244339499168 11.566458416697303
16.340318905946894 12.625142564907264
14.955911599124057 14.836246564178788
17.604417411152575 5.782593806214962
11.535640020829645 6.661763472444518
0.31915787053721223 15.991543971071282
6.866924943471851 17.373295855515543
2.9584498907108436 2.2777064215810316
9.753586551287878 7.626214079782021
10.792128141214935 16.904792624888817
3.5468381838470853 9.616103073688658
17.905533340420245 6.157474930015683
1.7109442369617356 8.241736701135405
17.899524858507984 5.481820755045648
14.440115212671053 4.28054333898374
14.00404966181917 7.970454562442022
17.066472968735372 4.718497971455302
18.191149551231355 4.382898781359204
7.203578622876227 6.72271338144375
18.23716801041001 19.120678479554037
8.666587801411083 14.733113358026038
2.0746402913266793 11.632827989217624
2.093835630980816 0.9415291919111435
4.271126189032257 17.193847453636632
4.9354509331584495 4.725085877095081
15.86450705468923 19.56531123652937
3.261806310672659 4.5134936305652555
13.872419161451852 8.92063599404355
13.179374513407167 19.648576485664602
16.695332515930684 18.286039660234014
11.162604574573152 13.008709140552996
0.8568258363204428 4.009829231914168
6.593473759508477 19.98583459100583
2.0355329133834887 2.6545359121091305
18.629078105143048 16.770786270718517
3.9988620282096288 5.945600214547726
3.714255880562898 4.156269170260661
2.4173686871622313 19.070224615071012
2.590611155620226 8.082629649943996
10.014209260191741 13.242001078990635
7.37278290969853 7.089282586596639
16.14508935099677 7.2782336925810025
18.70642621766659 14.73942122257288
3.8366212051722837 10.430634533572514
2.0303544293208864 9.2030374543414
7.328144817882471 2.3075887312793597
1.5617664655450625 13.637041486988558
4.549024842226785 1.873340290528589
14.319789715293197 13.756647576690078
16.517440714159196 5.534603049417566
11.56889521942195 6.975167362113293
10.579974210190846 0.7287695662421156
15.209055937024981 3.3123380412548697
8.392001917784683 12.825946422962888
19.773655028761645 11.795968205487608
11.67833060375775 3.076454654996561
10.104137843283043 1.712701230576521
4.014762228477588 13.57360853570343
14.317190396749451 5.823517250994234
14.512416141379427 11.829139046256326
7.109536416295812 6.042558676277667
6.413380289347068 0.06909534980676257
12.44012636477831 8.06516532238361
9.471668399885438 1.4899978847019613
19.892300323621996 5.629834688749915
3.865347374826209 10.7169251361112
8.663045494614003 18.114747490228453
9.639756654584389 5.912581983765605
17.476510420583608 14.646758713416116
6.622234828125972 17.92912176112572
13.337911332118122 2.5512951316633625
18.88817647103784 17.41519676761553
13.166922509307854 15.829746547340235
6.181986225133855 19.956232143311404
16.236979650019695 2.2956926039593384
15.841797478837341 19.780241426345434
4.555949921616492 14.03190816125873
4.635627583962103 16.161137518936687
2.4746262172683875 18.535490576528268
3.8809310597175495 19.41379503815865
11.122205925005932 7.264907195860157
2.7183495391555357 15.26669798032908
13.724668671270617 14.339619430674057
8.356868137900783 6.837854221875725
19.743714808247347 7.172868468917604
19.120427505200027 9.086689065708926
14.618463902516137 1.6321759468210573
6.1541938747529805 2.4704899114855117
6.334879160495865 5.206948158981042
5.960138394134338 12.420028061286564
14.184549780103378 16.271485434039707
6.0135240026026064 2.6204075215118405
10.775998021476314 0.5082162607898311
1.6563742059271669 19.494048653145196
7.55013496647261 19.903384560926643
18.56556974147825 10.855762433681873
0.9378087316046768 13.726990276363901
19.04007273405344 3.694336544829069
5.926716882323357 11.330701435584158
13.052637448451298 6.2723644375383625
17.691050158993093 8.95952326760306
8.396202244276116 1.8587780457441094
9.60324391786861 0.6996574799591193
7.0151401781474965 7.309733043037148
5.693993442720151 13.436103075838737
13.167900366305123 6.784229567103964
10.5149689780514 0.3075748543839696
14.795406289896162 5.441131485608128
2.0486979191892862 14.894170692637648
18.706098604256937 19.023666030738415
0.5228948624371377 2.7785721033045996
14.629379738687717 8.114768294443095
9.278796684377129 11.746613297970166
7.163227604232977 19.725490672985735
5.900275511150772 1.2234288947522187
12.264390371377154 12.202483442316126
4.724769175490202 11.218933124475413
14.412672364961578 1.0291735177497263
6.983974496180276 0.18704690398386292
8.133436554372755 7.944116747904526
16.942563863381775 5.587546772942204
8.930812529076444 2.0227510663320936
15.612783586921042 17.515291611984413
17.888607863010904 7.055862339113119
2.675719312578866 14.345053411188243
13.78221780253007 0.5542308139511865
7.679623147157349 14.756514737689486
0.7028140264908678 10.819723564533483
15.791391133827275 5.1004586175014115
8.459801380755644 17.074031729292493
4.934569148159522 3.602620338045175
7.527589768584111 8.359027136301895
5.029275476941355 4.689808294758917
0.8597454485282641 9.550703904878121
4.20650282833093 18.168015099570432
3.4399208911874712 11.283006127355845
12.937304813455219 13.817469397640012
18.087154406488754 16.614775571438155
9.678382361866927 2.2529131066479646
9.90270734057685 8.209102393079956
15.4319898080598 7.12948111363181
13.561024646866635 10.377986574950492
19.202061818883042 15.614615195720257
15.802394950580991 6.545902863611614
12.669651286350746 2.226324096435759
18.754586623358257 10.011887578292558
2.887285057284197 5.541781456054455
7.132025901885086 2.928496808738572
8.30676652724499 9.708027137964647
15.197857451315766 15.927396023885208
5.108340978337893 17.158803015465093
9.845382753008314 8.460071363946826
11.355393292627376 9.697480099942988
4.7548712009739225 7.57386132053276
12.726347280923555 6.411946685660606
7.057415707544392 7.120088072669284
14.976321947648778 6.558748264926592
6.929703687315223 15.082739096351936
2.926946160950352 12.523117869656595
5.717410216612164 6.865807866163651
17.139761690481397 1.7155005553490743
10.511424122608341 16.91017249059534
16.44484163991025 17.910219925418968
13.828467759270254 15.496774109310278
5.059675538558011 10.18787695598941
4.459501497839544 18.321512252724027
8.963795464517737 9.159825408197491
13.91814678542908 16.425075543476865
2.743246435364659 6.85801511248056
5.9671815139753885 3.714188432480028
7.2784415793766915 1.4599682782182644
6.464926345122331 9.127713437601363
6.37220854422714 4.443387691936658
3.898042432014448 3.065601506961604
17.943424602161777 5.2078743001847165
5.925382647051869 9.833581733729794
3.8002651716760982 2.5062296918901206
8.00346724760724 11.378637467368725
17.132660031948866 14.349368376193913
2.295605669325953 13.52167994954274
15.07588780089461 10.309660528373087
16.187308962321744 1.6259934785418184
4.767201087902862 15.643228088563525
13.5622768254986 8.950071477184363
11.456838747387362 4.977956514514085
9.933172633897014 18.650363284380393
11.294376826585484 3.356943060021047
3.011822780086524 11.486470802991946
5.234573343962037 1.1725398141451326
17.36513757361168 12.144199249698964
4.146556586158596 9.669260117701608
6.134691280660995 16.925442760954674
16.478651784092268 16.776758696152278
17.70012195407446 12.960208303637744
18.18460860923105 3.237610531291153
4.838455512254498 10.735769222635504
13.684645698510302 0.7446747628592831
13.576365498404876 19.78927917366854
14.603774669219735 13.840210708230616
6.086848689621444 12.8659265775334
18.952018391730277 6.421621507161726
9.358632781932108 5.124969726220536
4.4073837316614455 3.474201890158124
19.16752686023784 18.392015684104962
16.674948531738487 1.802832468362896
14.519179888083142 16.26871773118312
11.318367196065145 16.610588102394594
11.58496558785566 15.199934601282713
4.222525585703279 2.5100420189127437
13.934438892364788 17.792240722531975
16.612161370109018 1.3943172427061779
17.129640478894718 0.7620436178614409
9.742256723252192 18.285298235518027
1.8128952188636904 6.100629550170997
10.669949241577346 15.460187442116883
13.650367573988557 4.020029407211101
2.6498184113985346 16.43162714391463
1.7760354602687611 3.5864311247738434
4.277196986923643 2.872639505832544
8.114715957351892 3.991078759776985
14.255400634155404 16.504251482027655
12.83075045845883 4.969266574074935
9.717605163302656 3.246738311563766
5.809677087260125 18.519715313881445
8.816056492364655 2.4370310208902324
4.74761768401655 14.339809800352736
0.14215296734442884 14.183391891194141
18.427116586694744 17.350531633906975
7.07891267767871 4.455477629257927
4.045407472563545 2.0073207585726505
9.180960211709543 8.976788415052841
9.130619893171993 17.6168066723488
14.127083806508995 7.515203456060984
6.011869226402791 2.9462570100573138
12.027809634665502 2.0820734175413858
16.720039115555505 18.555121483102344
4.1184769962092815 17.405099619129608
13.148259400096505 12.087060903788217
9.567478176487416 1.872427242463921
11.595606364952285 14.918689576949758
19.98926940188172 10.850532730153027
7.234709007931055 3.408944074753766
17.832335634184865 16.24336770645709
18.93262532895815 17.186251029571803
9.788658209922719 13.588349846788887
8.84601684028971 2.8588923955146317
9.202165545185046 6.829133267760397
3.0166860269305373 10.994204879112335
7.863197113179581 8.087222702340238
17.05985040153877 0.693251312945844
4.8086653597019735 8.435799942872178
19.012106270408104 18.221366218062187
15.057347254473633 5.6191734844817915
14.251074376073944 0.17268441683511382
13.822411743499517 1.4655910033955388
7.847781770367108 2.9290554705483007
11.76079797297625 16.86792434852739
12.643640546185441 12.739324764767394
10.063161517647076 10.925561789833294
10.166980472227474 13.081987682875017
5.193703717937885 9.939810726524907
16.05723114562725 14.702831721767675
13.222911652163136 17.8631217496615
15.813877877326508 16.323863710060472
18.255725902864587 10.461979054805726
5.700418123474003 1.6774230647762067
0.9204178847688915 16.141874988581502
7.146840439720645 2.98623725283661
4.546582055403164 13.681270325317909
1.477845770898123 5.628415508086249
5.366663376558933 12.684137831538585
3.496345208041862 9.908212303554373
19.416127885256355 12.633288425213195
9.535068541054157 0.39863393981234285
5.032423395042014 13.696510408345059
14.176913899006667 11.610671340072688
13.660214576688459 9.532978121776194
8.065692536497783 14.471294056309707
11.855279124081457 7.1893222139257755
6.210423450674223 1.5289442414992083
5.176416516462945 11.731052694091463
10.47536953463335 17.7941014478126
13.469448553263303 2.5286705291929645
6.17578089654315 19.451392960221675
15.2636659068632 3.1515360398686987
14.196437824641794 13.156937954455836
19.224846750384362 8.9052558248644
1.3559358827902868 16.70041823661442
4.091997248036923 17.52136007349896
17.19725178882602 15.971180168832905
0.13682478075129678 12.04988333231583
12.817685262220401 0.43198771733078845
2.882040808996076 8.337083538817973
9.133460293059342 17.704705098534063
17.848422863044938 14.84585419907537
2.9962388171556076 19.372741315795896
4.352998729363335 6.586634943301939
4.463490366449192 8.910560329403921
7.711054068765604 3.809761864074004
15.949258954672088 16.70779882315664
13.119436601414654 19.48674533528328
8.104643298593333 2.85059957219014
8.093937536534018 13.39613683252834
13.511592838219064 15.223412582133742
7.153916400133604 5.074150498692347
7.1125435684592535 6.4410667117706915
0.3451307773434098 14.064207735412444
3.8263783922067818 14.210781611715596
16.697131619695682 17.427526511101913
5.664006351056146 19.01661636479654
1.4334379337734426 9.399520086758908
18.241401425052533 1.028285506835518
2.7248444876594857 15.084057978753087
11.314963791000007 2.959260491273943
16.44970132892658 6.904775042460347
11.376082778663324 14.069004753427594
17.561872306905258 18.04636838148476
13.382251452947607 11.186456019265794
0.9506169110320628 9.388001333809072
10.034393677230295 7.566638227827738
0.9337187155282489 12.040480221858171
14.104712608238954 6.897608869104522
19.276078540923884 19.291115050089147
3.102073362996405 2.244282526903081
15.700137100750247 5.7186954366236975
14.814624627480718 12.876776105880257
15.52912560727936 7.382043351954466
1.8754420066788335 18.91992362870416
18.7211215192116 0.1239846495750796
11.77185595457342 11.797983478991137
12.701905263279194 10.06927369482266
7.960432003457005 13.628112570222532
16.964379794043694 15.212775623134915
14.1571305803281 3.4869322898303667
7.99218814382839 16.670954691890746
0.590021338368365 11.254299418605145
1.0834336455388671 19.309829242251773
5.8578162508164695 11.719089115105334
13.342969098014892 11.661531032206414
7.929237553666653 13.850321630114298
0.026802025101699822 17.952086685535022
9.561538279643383 1.9723611204857705
11.749158763629836 9.073662631364572
17.55767740685371 3.69848320893277
16.204497898329052 8.943305960127763
1.78847935439995 12.675806164435375
17.71158596527123 17.345081098738103
9.75635820630133 1.7468797907528488
13.669272542575943 6.611892333699054
17.467393592475354 8.589172605192378
5.4522584777704575 19.925011157489244
15.53367261322559 11.417315110139688
6.108181777359003 9.734206763605807
16.189679088057456 6.313766003204733
13.248544868379405 16.551483866747706
3.3330474938009047 11.400906164753874
12.058705826646179 8.930797783909028
5.81012866359091 6.4123803047461685
9.468099411308692 4.449535200179846
15.90907646618006 3.1646721795198407
4.3129261794710905 10.834621180859008
5.682410965734908 4.189970846651621
15.492174842133377 19.242376017066555
2.488389413882226 7.771335641019177
19.81709189334004 18.162583856221307
